# The words after "#" are comments. No need to remove them.
luminosity = 8000     # in pb-1 (FIXED)
channels = 69     # total number of channels -> following our search bin definition (FIXED)
sample = ttz     # name of the background: hadtau, lostle, zinv, qcd, ttz
channel = bin1 bin2 bin3 bin4 bin5 bin6 bin7 bin8 bin9 bin10 bin11 bin12 bin13 bin14 bin15 bin16 bin17 bin18 bin19 bin20 bin21 bin22 bin23 bin24 bin25 bin26 bin27 bin28 bin29 bin30 bin31 bin32 bin33 bin34 bin35 bin36 bin37 bin38 bin39 bin40 bin41 bin42 bin43 bin44 bin45 bin46 bin47 bin48 bin49 bin50 bin51 bin52 bin53 bin54 bin55 bin56 bin57 bin58 bin59 bin60 bin61 bin62 bin63 bin64 bin65 bin66 bin67 bin68 bin69 

# Predicted central numbers (need from all backgrounds)
# rate = 3.38927 0.689019 0.143829 0.0437472 0.503093 0.820261 0.164052 0.0109368 0.0218736 0.426535 0.349978 0.218736 3.2656 0.810974 0.142178 0.0437472 0.557777 0.714193 0.0656208 0.0437472 0 0.142178 0.295294 0.185926 0.569836 0.185926 0 0.0328104 0.164052 0.120305 1.50947 0.120305 -0.0109368 0 0.503093 0.304581 0.054684 0.0328104 0.0328104 0.198513 0.174989 0.131242 1.84502 0.131242 0.054684 0 0.406312 0.318817 -0.0109368 0 0.0437472 0.131242 0.229673 0.0311604 0.167438 0.0218736 0 0.054684 0.0765577 0.0328104 -0.00112245 0.0656208 0.0109368 0.0731723 0.0437472 -0.0218736 -0.0109368 0 0.0328104 
rate = 3.38927 0.689019 0.143829 0.0437472 0.503093 0.820261 0.164052 0.0109368 0.0218736 0.426535 0.349978 0.218736 3.2656 0.810974 0.142178 0.0437472 0.557777 0.714193 0.0656208 0.0437472 0 0.142178 0.295294 0.185926 0.569836 0.185926 0 0.0328104 0.164052 0.120305 1.50947 0.120305 0 0 0.503093 0.304581 0.054684 0.0328104 0.0328104 0.198513 0.174989 0.131242 1.84502 0.131242 0.054684 0 0.406312 0.318817 0 0 0.0437472 0.131242 0.229673 0.0311604 0.167438 0.0218736 0 0.054684 0.0765577 0.0328104 0 0.0656208 0.0109368 0.0731723 0.0437472 0 0 0 0.0328104 

# Control sample events for lost lepton; Raw MC yields for Zinv and ttZ; No need from had. tau and QCD (will be ignored).
#cs_event = 310 63 13 4 46 75 15 1 2 39 32 20 299 74 13 4 51 65 6 4 0 13 27 17 52 17 0 3 15 11 139 11 -1 0 46 28 5 3 3 18 16 12 169 12 5 0 37 29 -1 0 4 12 21 3 15 2 0 5 7 3 0 6 1 7 4 -2 -1 0 3 
cs_event = 310 63 13 4 46 75 15 1 2 39 32 20 299 74 13 4 51 65 6 4 0 13 27 17 52 17 0 3 15 11 139 11 0 0 46 28 5 3 3 18 16 12 169 12 5 0 37 29 0 0 4 12 21 3 15 2 0 5 7 3 0 6 1 7 4 0 0 0 3 

# Average weight for lost lepton, Zinv and ttZ: avg_weight x cs_event = rate. Will be ignored for had. tau and QCD.
avg_weight = 0.0109331 0.0109368 0.0110637 0.0109368 0.0109368 0.0109368 0.0109368 0.0109368 0.0109368 0.0109368 0.0109368 0.0109368 0.0109217 0.0109591 0.0109368 0.0109368 0.0109368 0.0109876 0.0109368 0.0109368 0.0109368 0.0109368 0.0109368 0.0109368 0.0109584 0.0109368 0.0109368 0.0109368 0.0109368 0.0109368 0.0108595 0.0109368 0.0109368 0.0109368 0.0109368 0.0108779 0.0109368 0.0109368 0.0109368 0.0110285 0.0109368 0.0109368 0.0109173 0.0109368 0.0109368 0.0109368 0.0109814 0.0109937 0.0109937 0.0109937 0.0109368 0.0109368 0.0109368 0.0103868 0.0111625 0.0109368 0.0109368 0.0109368 0.0109368 0.0109368 0.0109368 0.0109368 0.0109368 0.0104532 0.0109368 0.0109368 0.0109368 0.0109368 0.0109368 

# All the uncertainties in absolute numbers for both stat and syst uncertainties. Needed from QCD and hadronic tau; No need from lost lepton, Zinv and ttZ (will be ignored). For symmetric uncertainties, put the up and down to be the same.
stat_unc_up = No Need!! 
stat_unc_down = No Need!! 

# List of all the systematical uncertainties. Do not need combine them. The "pdf", "blackhole", "darkmatter", "susy" are keywords to label the different systematic sources (use meaningful names or make comments).
syst_unc_pdf_up   = 0 0 0 0 0 0 0 0 0 0 0 0 0 0 0 0 0 0 0 0 0 0 0 0 0 0 0 0 0 0 0 0 0 0 0 0 0 0 0 0 0 0 0 0 0 0 0 0 0 0 0 0 0 0 0 0 0 0 0 0 0 0 0 0 0 0 0 0 0 
syst_unc_pdf_down = 0 0 0 0 0 0 0 0 0 0 0 0 0 0 0 0 0 0 0 0 0 0 0 0 0 0 0 0 0 0 0 0 0 0 0 0 0 0 0 0 0 0 0 0 0 0 0 0 0 0 0 0 0 0 0 0 0 0 0 0 0 0 0 0 0 0 0 0 0 
syst_unc_scale_up   = 0 0 0 0 0 0 0 0 0 0 0 0 0 0 0 0 0 0 0 0 0 0 0 0 0 0 0 0 0 0 0 0 0 0 0 0 0 0 0 0 0 0 0 0 0 0 0 0 0 0 0 0 0 0 0 0 0 0 0 0 0 0 0 0 0 0 0 0 0 
syst_unc_scale_down = 0 0 0 0 0 0 0 0 0 0 0 0 0 0 0 0 0 0 0 0 0 0 0 0 0 0 0 0 0 0 0 0 0 0 0 0 0 0 0 0 0 0 0 0 0 0 0 0 0 0 0 0 0 0 0 0 0 0 0 0 0 0 0 0 0 0 0 0 0 
syst_unc_rate_up   = 1.01678 0.206706 0.0431486 0.0131242 0.150928 0.246078 0.0492156 0.00328104 0.00656208 0.127961 0.104993 0.0656208 0.979679 0.243292 0.0426535 0.0131242 0.167333 0.214258 0.0196863 0.0131242 0 0.0426535 0.0885881 0.0557777 0.170951 0.0557777 0 0.00984313 0.0492156 0.0360915 0.45284 0.0360915 0.00328104 0 0.150928 0.0913742 0.0164052 0.00984313 0.00984313 0.0595538 0.0524967 0.0393725 0.553506 0.0393725 0.0164052 0 0.121894 0.0956452 0.00328104 0 0.0131242 0.0393725 0.0689019 0.00934812 0.0502313 0.00656208 0 0.0164052 0.0229673 0.00984313 0.000336736 0.0196863 0.00328104 0.0219517 0.0131242 0.00656208 0.00328104 0 0.00984313 
syst_unc_rate_down = 0.998 0.206706 0.0431486 0.0131242 0.150928 0.246078 0.0492156 0.00328104 0.00656208 0.127961 0.104993 0.0656208 0.979679 0.243292 0.0426535 0.0131242 0.167333 0.214258 0.0196863 0.0131242 0 0.0426535 0.0885881 0.0557777 0.170951 0.0557777 0 0.00984313 0.0492156 0.0360915 0.45284 0.0360915 0.00328104 0 0.150928 0.0913742 0.0164052 0.00984313 0.00984313 0.0595538 0.0524967 0.0393725 0.553506 0.0393725 0.0164052 0 0.121894 0.0956452 0.00328104 0 0.0131242 0.0393725 0.0689019 0.00934812 0.0502313 0.00656208 0 0.0164052 0.0229673 0.00984313 0.000336736 0.0196863 0.00328104 0.0219517 0.0131242 0.00656208 0.00328104 0 0.00984313 
